Kp = 0.17;
Ki = 0.63;
Kd = 0;